0,468
0,467
0,466
0,465
25,20
25,19
0,464
0,463
0,462
25,18
0,461
25,17
25,16
25,15
25,14
0,460
0,459
0,386
25,13
0,273
0,270
32,35
3,2
10,229
10,99
10,125
10,135
10,269
10,67
10,295
10,2
10,3
11,11
11,22
11,5
11,6
11,29
8,12
8,4
8,18
8,8
30,5
30,4
30,3
30,2
30,1
30,0
29,5
29,4
29,3
29,2
29,1
29,0
28,5
28,4
28,3
28,2
28,1
28,0
27,4
27,3
27,2
27,1
27,0
26,4
26,3
26,2
26,1
26,0
25,12
25,11
25,10
25,9
25,8
25,7
25,6
25,5
25,4
25,3
25,2
25,1
25,0
24,3
24,2
24,1
24,0
20,3
20,2
20,1
19,3
19,2
19,1
18,1
12,3
12,2
18,3
12,1
11,24
11,20
11,19
14,1
